121.193999	31.285041	-95.660576	1.97	0
121.193995	31.285041	-95.794708	1.96	0
121.193991	31.285040	-95.922815	1.94	0
121.193987	31.285040	-96.054596	1.93	0
121.193984	31.285039	-96.131661	1.92	0
121.193980	31.285039	-96.216574	1.90	2.19
121.193977	31.285038	-96.319990	1.90	2.17
121.193973	31.285038	-96.442606	1.88	2.14
121.193969	31.285037	-96.556397	1.87	2.11
121.193965	31.285037	-96.644171	1.85	2.08
121.193961	31.285036	-96.732868	1.84	2.05
121.193957	31.285036	-96.851638	1.82	2.03
121.193952	31.285035	-96.909907	1.81	2.00
121.193947	31.285035	-96.959986	1.80	1.98
121.193942	31.285034	-97.003877	1.78	1.96
121.193936	31.285034	-97.020952	1.76	1.95
121.193931	31.285033	-97.050110	1.74	1.92
121.193925	31.285032	-97.065813	1.73	1.92
121.193919	31.285032	-97.117551	1.71	1.91
121.193913	31.285031	-97.176851	1.69	1.91
121.193910	31.285031	-97.214608	1.68	1.90
121.193906	31.285030	-97.243316	1.68	1.89
121.193903	31.285030	-97.294938	1.66	1.89
121.193899	31.285029	-97.332525	1.65	1.90
121.193896	31.285029	-97.345816	1.65	1.89
121.193892	31.285028	-97.381340	1.64	1.89
121.193889	31.285028	-97.411133	1.63	1.89
121.193885	31.285027	-97.429527	1.62	1.89
121.193882	31.285027	-97.448658	1.60	1.89
121.193878	31.285026	-97.455653	1.59	1.89
121.193874	31.285026	-97.475590	1.58	1.90
121.193870	31.285025	-97.493526	1.57	1.91
121.193867	31.285025	-97.488308	1.56	1.92
121.193863	31.285024	-97.476048	1.56	1.92
121.193859	31.285024	-97.480692	1.55	1.93
121.193855	31.285023	-97.446486	1.54	1.94
121.193851	31.285023	-97.405860	1.53	1.94
121.193847	31.285022	-97.362946	1.53	1.95
121.193843	31.285022	-97.313619	1.52	1.96
121.193839	31.285021	-97.245891	1.52	1.96
121.193834	31.285021	-97.159776	1.52	1.97
121.193830	31.285020	-97.079104	1.52	1.97
121.193826	31.285020	-96.993215	1.52	1.97
121.193822	31.285019	-96.913923	1.52	1.98
121.193817	31.285019	-96.819038	1.53	1.97
121.193813	31.285018	-96.734583	1.53	1.98
121.193808	31.285018	-96.644800	1.53	1.98
121.193804	31.285017	-96.562237	1.54	1.98
121.193800	31.285017	-96.485349	1.53	1.98
121.193796	31.285016	-96.415790	1.53	1.97
121.193791	31.285016	-96.373389	1.53	1.96
121.193787	31.285015	-96.356204	1.53	1.94
121.193783	31.285015	-96.332886	1.53	1.92
121.193779	31.285014	-96.285955	1.52	1.91
121.193774	31.285014	-96.262637	1.52	1.89
121.193770	31.285013	-96.246538	1.51	1.89
121.193766	31.285013	-96.211875	1.51	1.88
121.193762	31.285013	-96.173032	1.50	1.87
121.193758	31.285012	-96.165177	1.49	1.85
121.193754	31.285012	-96.150970	1.49	1.85
121.193749	31.285011	-96.113042	1.49	1.85
121.193745	31.285011	-96.087887	1.49	1.84
121.193741	31.285010	-96.066686	1.48	1.83
121.193737	31.285010	-96.037582	1.48	1.82
121.193733	31.285009	-96.006812	1.48	1.81
121.193729	31.285009	-95.977825	1.48	1.80
121.193725	31.285008	-95.957942	1.47	1.79
121.193721	31.285008	-95.929925	1.47	1.79
121.193717	31.285008	-95.900644	1.47	1.78
121.193713	31.285007	-95.867524	1.47	1.78
121.193709	31.285007	-95.839220	1.47	1.77
121.193705	31.285006	-95.806681	1.47	1.76
121.193701	31.285006	-95.785535	1.48	1.75
121.193697	31.285006	-95.769668	1.48	1.74
121.193693	31.285005	-95.739643	1.48	1.74
121.193689	31.285005	-95.723202	1.49	1.75
121.193685	31.285004	-95.714378	1.50	1.75
121.193681	31.285004	-95.709617	1.51	1.75
121.193677	31.285003	-95.703832	1.52	1.76
121.193673	31.285003	-95.701831	1.53	1.77
121.193669	31.285003	-95.712315	1.54	1.77
121.193665	31.285002	-95.721078	1.55	1.78
121.193661	31.285002	-95.731624	1.55	1.78
121.193657	31.285001	-95.753221	1.56	1.79
121.193653	31.285001	-95.776314	1.56	1.80
121.193649	31.285000	-95.811380	1.57	1.80
121.193645	31.285000	-95.856698	1.57	1.81
121.193641	31.285000	-95.917378	1.57	1.81
121.193637	31.284999	-95.994784	1.57	1.81
121.193633	31.284999	-96.058606	1.57	1.82
121.193629	31.284998	-96.130172	1.57	1.82
121.193625	31.284998	-96.217722	1.58	1.83
121.193621	31.284998	-96.290484	1.57	1.83
121.193617	31.284997	-96.370643	1.57	1.84
121.193613	31.284997	-96.451260	1.57	1.85
121.193608	31.284996	-96.512909	1.57	1.86
121.193604	31.284996	-96.559545	1.57	1.86
121.193600	31.284995	-96.630477	1.57	1.87
121.193596	31.284995	-96.688745	1.56	1.88
121.193592	31.284994	-96.735218	1.56	1.89
121.193588	31.284994	-96.780079	1.56	1.89
121.193584	31.284994	-96.831073	1.56	1.90
121.193580	31.284993	-96.863270	1.56	1.90
121.193576	31.284993	-96.877539	1.55	1.91
121.193572	31.284992	-96.902517	1.55	1.92
121.193568	31.284992	-96.931565	1.55	1.93
121.193564	31.284991	-96.943142	1.55	1.93
121.193560	31.284991	-96.961878	1.55	1.95
121.193555	31.284990	-96.977061	1.54	1.95
121.193551	31.284990	-96.996486	1.54	1.96
121.193547	31.284989	-97.018254	1.53	1.96
121.193543	31.284989	-97.037850	1.53	1.70
121.193539	31.284988	-97.058361	1.53	1.70
121.193535	31.284988	-97.072458	1.52	1.70
121.193531	31.284987	-97.093024	1.52	1.70
121.193527	31.284987	-97.111821	1.51	1.70
121.193523	31.284986	-97.126888	1.50	1.70
121.193519	31.284986	-97.136000	1.50	1.70
121.193515	31.284985	-97.142475	1.50	1.70
121.193511	31.284985	-97.159318	1.50	1.70
121.193507	31.284984	-97.172726	1.49	1.70
121.193502	31.284984	-97.208762	1.47	1.70
121.193498	31.284983	-97.235065	1.47	1.70
121.193494	31.284983	-97.261361	1.45	1.70
121.193490	31.284982	-97.261593	1.44	1.70
121.193486	31.284982	-97.256607	1.43	1.70
121.193482	31.284981	-97.270240	1.42	1.70
121.193478	31.284981	-97.277521	1.42	1.70
121.193474	31.284980	-97.260500	1.42	1.70
121.193470	31.284980	-97.253172	1.41	1.70
121.193466	31.284979	-97.249675	1.40	1.70
121.193462	31.284979	-97.239819	1.40	1.70
121.193458	31.284978	-97.228358	1.39	1.70
121.193455	31.284978	-97.227217	1.38	1.70
121.193451	31.284977	-97.225434	1.38	1.70
121.193447	31.284977	-97.216787	1.37	1.70
121.193443	31.284976	-97.204295	1.37	1.70
121.193439	31.284976	-97.183668	1.36	1.70
121.193435	31.284975	-97.131130	1.35	1.70
121.193431	31.284975	-97.024961	1.35	1.70
121.193428	31.284974	-96.857082	1.35	1.70
121.193424	31.284974	-96.632082	1.35	1.70
121.193420	31.284974	-96.385826	1.35	1.70
121.193416	31.284973	-96.132980	1.36	1.70
121.193412	31.284973	-95.856070	1.37	1.70
121.193408	31.284972	-95.535215	1.38	1.70
121.193404	31.284972	-95.140102	1.39	1.70
121.193400	31.284972	-94.719950	1.41	1.70
121.193397	31.284971	-94.237063	1.44	1.70
121.193393	31.284971	-93.690634	1.46	1.70
121.193389	31.284971	-93.069319	1.50	1.70
121.193385	31.284971	-92.364177	1.53	1.70
121.193381	31.284970	-91.594353	1.58	1.70
121.193378	31.284970	-90.703976	1.65	1.70
121.193374	31.284970	-89.649901	1.70	1.70
121.193370	31.284970	-88.468865	1.79	1.70
121.193366	31.284970	-87.162236	1.89	1.70
121.193362	31.284970	-85.749091	1.98	1.70
121.193359	31.284971	-84.243936	2.12	1.70
121.193355	31.284971	-82.682910	2.23	1.70
121.193351	31.284971	-81.103319	2.39	1.70
121.193348	31.284972	-79.494973	2.51	1.70
121.193343	31.284972	-77.599569	2.69	1.70
121.193340	31.284973	-75.779911	2.87	1.70
121.193336	31.284974	-73.951489	2.98	1.70
121.193333	31.284975	-72.098603	3.14	1.70
121.193329	31.284976	-70.200855	3.31	1.70
121.193326	31.284977	-68.296796	0.09	1.70
121.193322	31.284978	-66.413713	0.24	1.70
121.193319	31.284979	-64.516423	0.44	1.70
121.193315	31.284981	-62.620909	0.60	1.70
121.193312	31.284982	-60.758733	0.83	1.70
121.193309	31.284984	-58.895820	1.01	1.70
121.193305	31.284985	-57.027121	1.27	1.70
121.193302	31.284987	-55.132119	1.70	1.70
121.193299	31.284989	-53.245826	1.70	1.70
121.193296	31.284991	-51.382912	1.70	1.70
121.193293	31.284993	-49.505385	1.70	1.70
121.193290	31.284995	-47.644077	1.70	1.70
121.193287	31.284998	-45.764487	1.70	1.70
121.193284	31.285000	-43.854189	1.70	1.70
121.193282	31.285003	-41.792630	1.70	1.70
121.193279	31.285005	-39.924156	1.70	1.70
121.193277	31.285008	-38.024114	1.70	1.70
121.193274	31.285011	-36.135819	1.70	1.70
121.193272	31.285013	-34.269579	1.70	1.70
121.193270	31.285016	-32.410446	1.70	1.70
121.193268	31.285019	-30.574918	1.70	1.70
121.193266	31.285022	-28.767811	1.70	1.70
121.193264	31.285025	-27.017595	1.70	1.70
121.193262	31.285028	-25.319235	1.70	1.70
121.193261	31.285031	-23.658631	1.70	1.70
121.193259	31.285034	-22.113649	1.70	1.70
121.193258	31.285038	-20.686126	1.70	1.70
121.193257	31.285041	-19.359270	1.70	1.70
121.193255	31.285044	-18.136348	1.70	1.70
121.193254	31.285047	-17.028305	1.70	1.70
121.193253	31.285051	-16.036058	1.70	1.70
121.193252	31.285054	-15.114626	1.70	1.70
121.193251	31.285057	-14.232042	1.70	1.70
121.193250	31.285061	-13.281964	1.70	1.70
121.193250	31.285064	-12.386030	1.70	1.70
121.193249	31.285068	-11.493362	1.70	1.70
121.193248	31.285071	-10.593646	1.70	1.70
121.193248	31.285075	-9.684419	1.70	1.70
121.193247	31.285078	-8.834608	1.70	1.70
121.193247	31.285081	-8.045817	1.70	1.70
121.193246	31.285084	-7.315411	1.70	1.70
121.193246	31.285088	-6.652212	1.70	1.70
121.193246	31.285091	-6.056107	1.70	1.70
121.193245	31.285094	-5.486701	1.70	1.70
121.193245	31.285098	-4.968633	1.70	1.70
121.193245	31.285101	-4.511068	1.70	1.70
121.193245	31.285104	-4.093440	1.70	1.70
121.193245	31.285107	-3.741185	1.70	1.70
121.193244	31.285110	-3.445997	1.70	1.70
121.193244	31.285114	-3.187250	1.70	1.70
121.193244	31.285117	-2.976802	1.70	1.70
121.193244	31.285120	-2.801821	1.70	1.70
121.193244	31.285123	-2.648669	1.70	1.70
121.193244	31.285127	-2.577909	1.70	1.70
121.193244	31.285130	-2.545365	1.70	1.70
121.193243	31.285133	-2.568570	1.70	1.70
121.193243	31.285136	-2.633486	1.70	1.70
121.193243	31.285139	-2.714216	1.70	1.70
121.193243	31.285142	-2.789159	1.70	1.70
121.193242	31.285145	-2.864732	1.70	1.70
121.193242	31.285149	-2.922486	1.70	1.70
121.193242	31.285152	-2.987058	1.70	1.70
121.193241	31.285155	-3.053579	1.47	1.70
121.193241	31.285158	-3.134423	1.47	1.70
121.193241	31.285161	-3.212001	1.47	1.70
121.193240	31.285164	-3.287976	1.47	1.70
121.193240	31.285168	-3.371799	2.42	1.70
121.193240	31.285171	-3.452300	2.42	1.70
121.193239	31.285174	-3.515211	2.34	1.70
121.193239	31.285177	-3.548442	2.29	1.70
121.193239	31.285180	-3.549473	2.25	1.70
121.193238	31.285184	-3.557380	2.24	1.70
121.193238	31.285187	-3.603102	2.22	1.70
121.193238	31.285190	-3.676728	2.22	1.70
121.193237	31.285193	-3.761239	2.13	1.70
121.193237	31.285196	-3.863626	2.09	1.70
121.193237	31.285199	-3.954039	2.03	1.70
121.193236	31.285202	-4.041702	2.01	1.70
121.193236	31.285205	-4.124494	1.98	1.70
121.193236	31.285209	-4.213646	1.93	1.70
121.193235	31.285212	-4.305950	1.87	1.70
121.193235	31.285215	-4.403353	1.86	1.70
121.193235	31.285218	-4.516454	1.86	1.70
121.193235	31.285221	-4.621420	1.79	1.70
121.193234	31.285224	-4.694816	1.77	1.70
121.193234	31.285227	-4.780760	1.74	1.70
121.193233	31.285231	-4.878564	1.70	1.70
121.193233	31.285234	-4.959809	1.71	1.70
121.193233	31.285237	-5.047873	1.69	1.70
121.193232	31.285240	-5.106028	1.68	1.70
121.193232	31.285243	-5.181372	1.65	1.70
121.193231	31.285247	-5.288286	1.63	1.70
121.193231	31.285250	-5.384829	1.61	1.70
121.193231	31.285253	-5.547549	1.57	1.70
121.193230	31.285256	-5.703508	1.55	1.70
121.193230	31.285259	-5.888517	1.53	1.70
121.193229	31.285263	-6.032959	1.50	1.70
121.193229	31.285266	-6.092489	1.49	1.70
121.193228	31.285269	-6.186855	1.50	1.70
121.193228	31.285272	-6.288212	1.50	1.70
121.193227	31.285275	-6.375760	1.49	1.70
121.193227	31.285278	-6.474480	1.48	1.70
121.193227	31.285282	-6.551830	1.48	1.70
121.193226	31.285285	-6.624423	1.47	1.70
121.193226	31.285288	-6.705554	1.47	1.70
121.193225	31.285292	-6.790352	1.46	1.97
121.193224	31.285295	-6.930154	1.46	1.97
121.193224	31.285298	-7.059012	1.45	1.97
121.193223	31.285301	-7.136877	1.45	1.97
121.193223	31.285304	-7.224768	1.45	1.65
121.193222	31.285308	-7.364513	1.45	1.68
121.193222	31.285311	-7.471083	1.43	1.70
121.193221	31.285314	-7.492683	1.41	1.68
121.193221	31.285317	-7.559204	1.39	1.64
121.193220	31.285320	-7.705079	1.37	1.73
121.193220	31.285323	-7.778475	1.34	1.80
121.193219	31.285327	-7.809816	1.31	1.81
121.193219	31.285330	-7.864705	1.30	1.80
121.193218	31.285333	-7.927215	1.29	1.81
121.193217	31.285336	-7.989323	1.28	1.79
121.193217	31.285339	-8.036994	1.27	1.82
121.193216	31.285342	-8.095436	1.25	1.79
121.193216	31.285346	-8.155080	1.24	1.78
121.193215	31.285349	-8.219366	1.22	1.75
121.193215	31.285352	-8.273797	1.21	1.77
121.193214	31.285355	-8.305596	1.18	1.79
121.193213	31.285358	-8.319061	1.17	1.77
121.193213	31.285361	-8.335275	1.16	1.73
121.193212	31.285364	-8.360199	1.14	1.75
121.193212	31.285367	-8.371945	1.13	1.76
121.193211	31.285370	-8.359626	1.12	1.77
121.193211	31.285374	-8.332926	1.10	1.70
121.193210	31.285377	-8.317113	1.09	1.70
121.193209	31.285380	-8.281704	1.08	1.70
121.193209	31.285383	-8.252196	1.07	1.70
121.193208	31.285386	-8.232601	1.07	1.70
121.193208	31.285389	-8.209339	1.05	1.70
121.193207	31.285393	-8.189744	1.04	1.70
121.193207	31.285396	-8.158117	1.03	1.70
121.193206	31.285399	-8.128323	1.02	1.70
121.193205	31.285402	-8.107295	1.02	1.70
121.193205	31.285405	-8.078418	1.01	1.70
121.193204	31.285408	-8.056761	0.99	1.70
121.193204	31.285412	-8.040202	0.98	1.70
121.193203	31.285415	-8.025763	0.97	1.70
121.193203	31.285418	-8.012987	0.97	1.70
121.193202	31.285421	-8.008804	0.95	1.70
121.193201	31.285424	-8.004507	0.94	1.70
121.193201	31.285428	-7.998033	0.94	1.70
121.193200	31.285431	-7.991615	0.92	1.70
121.193200	31.285434	-7.985714	0.92	1.70
121.193199	31.285437	-7.968067	0.91	1.70
121.193199	31.285441	-7.949790	0.90	1.70
121.193198	31.285444	-7.946753	0.89	1.70
121.193198	31.285447	-7.944862	0.87	1.70
121.193197	31.285450	-7.933517	0.87	1.70
121.193197	31.285454	-7.919881	0.86	1.70
121.193196	31.285457	-7.918964	0.85	1.70
121.193195	31.285460	-7.909167	0.84	1.70
121.193195	31.285463	-7.906416	0.83	1.70
121.193194	31.285467	-7.920855	0.82	1.70
121.193194	31.285470	-7.923261	0.82	1.70
121.193193	31.285473	-7.913063	0.81	1.70
121.193193	31.285476	-7.906760	0.80	1.70
121.193192	31.285479	-7.891348	0.79	1.70
121.193192	31.285483	-7.883154	0.79	1.70
121.193191	31.285486	-7.877138	0.78	1.70
121.193190	31.285489	-7.873013	0.77	1.70
121.193190	31.285493	-7.873758	0.76	1.70
121.193189	31.285496	-7.872211	0.75	1.70
121.193189	31.285499	-7.869575	0.75	1.70
121.193188	31.285502	-7.858517	0.82	1.70
121.193188	31.285506	-7.867112	0.85	1.78
121.193187	31.285509	-7.870950	0.86	1.78
121.193186	31.285512	-7.863215	0.86	1.78
121.193186	31.285515	-7.875649	0.86	1.78
121.193185	31.285519	-7.891118	0.86	1.24
121.193185	31.285522	-7.887337	0.86	1.23
121.193184	31.285525	-7.857428	0.86	1.23
121.193183	31.285528	-7.855939	1.30	1.23
121.193183	31.285532	-7.844594	1.31	1.24
121.193182	31.285535	-7.847917	1.25	1.24
121.193182	31.285538	-7.851584	1.26	1.24
121.193181	31.285541	-7.855996	1.30	1.25
121.193181	31.285545	-7.874044	1.32	1.26
121.193180	31.285548	-7.862585	1.34	1.26
121.193179	31.285551	-7.831703	1.34	1.26
121.193179	31.285554	-7.768391	1.33	1.27
121.193178	31.285558	-7.685541	1.36	1.28
121.193178	31.285561	-7.602921	1.40	1.28
121.193177	31.285564	-7.461343	1.42	1.29
121.193177	31.285567	-7.247630	1.47	1.29
121.193176	31.285571	-6.992606	1.48	1.29
121.193176	31.285574	-6.711169	1.52	1.29
121.193175	31.285577	-6.370947	1.56	1.28
121.193175	31.285580	-5.951943	1.60	1.27
121.193174	31.285583	-5.481086	1.62	1.26
121.193174	31.285587	-4.960669	1.70	1.25
121.193173	31.285590	-4.426729	1.70	1.23
121.193173	31.285593	-3.893535	1.70	1.70
121.193173	31.285596	-3.310550	1.70	1.70
121.193172	31.285599	-2.613547	1.70	1.70
121.193172	31.285603	-1.765455	1.70	1.70
121.193172	31.285606	-0.907393	1.70	1.70
121.193172	31.285609	0.063702	1.70	1.70
121.193172	31.285612	1.098257	1.70	1.70
121.193172	31.285615	2.135080	1.70	1.70
121.193172	31.285618	3.197557	1.70	1.70
121.193172	31.285621	4.362104	1.70	1.70
121.193172	31.285624	5.680303	1.70	1.70
121.193172	31.285627	7.129779	1.70	1.70
121.193173	31.285630	8.707525	1.70	1.70
121.193173	31.285633	10.412996	1.70	1.70
121.193174	31.285636	12.216603	1.70	1.70
121.193174	31.285639	13.973246	1.70	1.70
121.193175	31.285642	15.708961	1.70	1.70
121.193176	31.285645	17.502131	1.70	1.70
121.193177	31.285648	19.364888	1.70	1.70
121.193178	31.285651	21.256058	1.70	1.70
121.193179	31.285654	23.183646	1.70	1.70
121.193181	31.285657	25.374361	1.70	1.70
121.193182	31.285660	27.356837	1.70	1.70
121.193184	31.285662	29.329697	1.70	1.70
121.193186	31.285665	31.315178	1.70	1.70
121.193187	31.285668	33.305167	1.70	1.70
121.193189	31.285670	35.304172	1.70	1.70
121.193191	31.285673	37.344650	1.70	1.70
121.193193	31.285675	39.473866	1.70	1.70
121.193196	31.285678	41.675810	1.70	1.70
121.193198	31.285680	43.867017	1.70	1.70
121.193200	31.285682	46.052213	1.70	1.70
121.193203	31.285684	48.284236	1.70	1.70
121.193205	31.285686	50.475470	1.70	1.70
121.193208	31.285688	52.624521	1.70	1.70
121.193211	31.285690	54.798434	1.70	1.70
121.193214	31.285692	57.020021	1.70	1.70
121.193217	31.285694	59.209069	1.70	1.70
121.193220	31.285695	61.383556	1.70	1.70
121.193223	31.285697	63.550993	1.70	1.70
121.193226	31.285698	65.872957	1.70	1.70
121.193229	31.285699	67.988431	1.70	1.70
121.193233	31.285701	69.994403	1.70	1.70
121.193236	31.285702	71.932155	1.70	1.70
121.193239	31.285703	73.838051	1.70	1.70
121.193243	31.285703	75.624118	1.70	1.70
121.193246	31.285704	77.276368	1.70	1.70
121.193250	31.285705	78.760431	1.70	1.70
121.193253	31.285706	80.080188	1.70	1.70
121.193257	31.285706	81.307190	1.70	1.70
121.193261	31.285707	82.476409	1.70	1.70
121.193264	31.285707	83.562792	1.70	1.70
121.193268	31.285707	84.545492	1.70	1.70
121.193271	31.285707	85.428936	1.70	1.70
121.193275	31.285708	86.228533	1.70	1.70
121.193279	31.285708	87.037801	1.78	1.70
121.193283	31.285708	87.745327	2.01	1.70
121.193287	31.285708	88.359306	2.12	1.70
121.193290	31.285708	88.793323	2.28	1.70
121.193294	31.285708	89.025031	2.36	1.70
121.193298	31.285708	89.092650	1.70	1.70
121.193301	31.285708	89.024348	1.70	1.70
121.193305	31.285708	88.873100	1.70	1.70
121.193309	31.285708	88.700050	1.70	1.70
121.193312	31.285708	88.559348	1.70	1.70
121.193316	31.285708	88.429329	2.44	1.70
121.193320	31.285708	88.327122	2.44	1.70
121.193323	31.285708	88.215790	2.44	1.70
121.193327	31.285708	88.044871	2.44	1.70
121.193330	31.285708	87.899115	1.82	1.70
121.193334	31.285708	87.783384	1.68	1.70
121.193338	31.285708	87.645688	1.70	1.23
121.193341	31.285708	87.411931	1.60	1.23
121.193345	31.285708	87.156919	1.50	1.23
121.193349	31.285709	86.979854	1.55	1.23
121.193352	31.285709	86.792952	1.54	0.76
121.193356	31.285709	86.580042	1.50	0.90
121.193359	31.285709	86.384835	1.46	1.05
121.193363	31.285710	86.216676	1.43	1.18
121.193366	31.285710	86.065373	1.43	1.23
121.193370	31.285710	85.919371	1.44	1.31
121.193373	31.285710	85.809706	1.44	1.39
121.193377	31.285711	85.722443	1.44	1.45
121.193380	31.285711	85.650535	1.44	1.45
121.193384	31.285711	85.577151	1.44	1.48
121.193388	31.285712	85.507647	1.45	1.51
121.193391	31.285712	85.434837	1.45	1.57
121.193395	31.285712	85.371453	1.43	1.58
121.193398	31.285713	85.319762	1.45	1.61
121.193402	31.285713	85.268782	1.43	1.63
121.193405	31.285713	85.205753	1.45	1.66
121.193409	31.285714	85.142724	1.45	1.67
121.193413	31.285714	85.090596	1.45	1.67
121.193416	31.285715	85.028195	1.44	1.68
121.193420	31.285715	84.958637	1.44	1.69
121.193423	31.285715	84.901564	1.44	1.70
121.193427	31.285716	84.840256	1.44	1.71
121.193430	31.285716	84.773976	1.44	1.71
121.193434	31.285716	84.715017	1.44	1.72
121.193437	31.285717	84.662124	1.43	1.72
121.193441	31.285717	84.591200	1.43	1.73
121.193445	31.285718	84.520384	1.43	1.74
121.193448	31.285718	84.471453	1.43	1.74
121.193452	31.285718	84.411074	1.42	1.74
121.193455	31.285719	84.352389	1.42	1.74
121.193459	31.285719	84.303184	1.41	1.74
121.193463	31.285720	84.236877	1.41	1.69
121.193467	31.285720	84.177236	1.40	1.70
121.193470	31.285721	84.135134	1.39	1.71
121.193474	31.285721	84.080247	1.38	1.73
121.193477	31.285721	84.033201	1.38	1.74
121.193481	31.285722	83.976018	1.37	1.75
121.193485	31.285722	83.900094	1.37	1.76
121.193488	31.285723	83.867090	1.36	1.77
121.193492	31.285723	83.811575	1.36	1.78
121.193495	31.285723	83.759665	1.36	1.79
121.193499	31.285724	83.721908	1.35	1.79
121.193503	31.285724	83.680380	1.34	1.80
121.193506	31.285725	83.634700	1.32	1.81
121.193510	31.285725	83.588583	1.32	1.82
121.193514	31.285726	83.558967	1.32	1.82
121.193517	31.285726	83.532848	1.31	1.83
121.193521	31.285727	83.517986	1.30	1.84
121.193525	31.285727	83.509216	1.30	1.84
121.193529	31.285728	83.516401	1.29	1.85
121.193532	31.285728	83.537520	1.29	1.85
121.193536	31.285728	83.545908	1.28	1.86
121.193540	31.285729	83.558803	1.27	1.87
121.193543	31.285729	83.575988	1.26	1.88
121.193547	31.285730	83.598090	1.26	1.88
121.193551	31.285730	83.607024	1.26	1.89
121.193554	31.285731	83.624865	1.25	1.90
121.193558	31.285731	83.657622	1.25	1.90
121.193562	31.285732	83.676583	1.23	1.91
121.193566	31.285732	83.691145	1.23	1.91
121.193569	31.285733	83.713903	1.22	1.92
121.193573	31.285733	83.734120	1.21	1.92
121.193577	31.285733	83.747972	1.21	1.93
121.193581	31.285734	83.767861	1.20	1.93
121.193584	31.285734	83.794609	1.20	1.94
121.193588	31.285735	83.819197	1.19	1.94
121.193592	31.285735	83.840507	1.19	1.94
121.193596	31.285736	83.857173	1.20	1.95
121.193599	31.285736	83.887089	1.19	1.95
121.193603	31.285737	83.912662	1.19	1.95
121.193607	31.285737	83.920503	1.18	1.95
121.193611	31.285738	83.946157	1.18	1.96
121.193614	31.285738	83.971428	1.18	1.96
121.193618	31.285738	83.991892	1.18	1.96
121.193622	31.285739	84.013885	1.19	1.96
121.193626	31.285739	84.039157	1.18	1.96
121.193629	31.285740	84.068035	1.18	1.96
121.193633	31.285740	84.089591	1.17	1.96
121.193637	31.285741	84.108415	1.18	1.96
121.193641	31.285741	84.130954	1.18	1.96
121.193645	31.285742	84.157647	1.17	1.96
121.193648	31.285742	84.190295	1.17	1.96
121.193652	31.285742	84.202617	1.18	1.97
121.193656	31.285743	84.231030	1.18	1.97
121.193660	31.285743	84.259171	1.18	1.97
121.193664	31.285744	84.272121	1.18	1.96
121.193668	31.285744	84.295671	1.18	1.96
121.193672	31.285745	84.309031	1.18	1.96
121.193675	31.285745	84.336926	1.18	1.96
121.193679	31.285745	84.349247	1.19	1.96
121.193683	31.285746	84.367989	1.19	1.96
121.193687	31.285746	84.374901	1.20	1.96
121.193691	31.285747	84.453804	1.20	1.95
121.193694	31.285747	84.520958	1.20	1.95
121.193698	31.285748	84.503609	1.18	1.94
121.193702	31.285748	84.488255	1.18	1.94
121.193706	31.285748	84.535384	1.19	1.94
121.193710	31.285749	84.525357	1.19	1.94
121.193714	31.285749	84.522160	1.18	1.95
121.193717	31.285749	84.580326	1.18	1.95
121.193722	31.285750	84.671523	1.19	1.95
121.193725	31.285750	84.669228	1.20	1.95
121.193729	31.285751	84.636798	1.19	1.95
121.193733	31.285751	84.687970	1.19	1.95
121.193737	31.285752	84.714662	1.18	1.95
121.193740	31.285752	84.716329	1.18	1.95
121.193744	31.285752	84.739825	1.19	1.95
121.193748	31.285753	84.765834	1.20	1.95
121.193752	31.285753	84.774713	1.20	1.95
121.193755	31.285754	84.788538	1.20	1.95
121.193759	31.285754	84.829082	1.19	1.94
121.193763	31.285754	84.845665	1.20	1.94
121.193767	31.285755	84.850365	1.20	1.94
121.193770	31.285755	84.863233	1.21	1.93
121.193774	31.285755	84.900553	1.21	1.93
121.193778	31.285756	84.917218	1.21	1.92
121.193782	31.285756	84.929759	1.22	1.92
121.193786	31.285757	84.954566	1.22	1.92
121.193789	31.285757	84.973882	1.23	1.91
121.193793	31.285757	84.970385	1.23	1.91
121.193797	31.285758	84.969292	1.23	1.91
121.193801	31.285758	84.985329	1.24	1.90
121.193804	31.285759	84.999153	1.24	1.89
121.193808	31.285759	85.009125	1.25	1.89
121.193812	31.285759	85.002295	1.26	1.88
121.193815	31.285760	85.001339	1.26	1.88
121.193819	31.285760	84.999317	1.27	1.88
121.193823	31.285760	84.983799	1.28	1.87
121.193827	31.285761	84.978417	1.28	1.86
121.193830	31.285761	84.979674	1.28	1.86
121.193834	31.285761	84.960303	1.29	1.86
121.193838	31.285762	84.943583	1.29	1.85
121.193841	31.285762	84.923748	1.30	1.86
121.193845	31.285763	84.889379	1.31	1.84
121.193849	31.285763	84.886100	1.31	1.83
121.193853	31.285763	84.892985	1.33	1.83
121.193857	31.285764	84.865992	1.31	1.82
121.193861	31.285764	84.826459	1.29	1.82
121.193864	31.285765	84.803018	1.29	1.82
121.193868	31.285765	84.791215	1.30	1.82
121.193872	31.285765	84.774713	1.30	1.82
121.193875	31.285766	84.741901	1.29	1.82
121.193879	31.285766	84.778320	1.30	1.82
121.193883	31.285766	84.775697	1.31	1.82
121.193887	31.285767	84.712559	1.30	1.81
121.193890	31.285767	84.683380	1.30	1.81
121.193894	31.285768	84.689227	1.28	1.81
121.193898	31.285768	84.675894	1.28	1.81
121.193901	31.285768	84.645623	1.28	1.93
121.193905	31.285769	84.628684	1.29	2.01
121.193909	31.285769	84.619040	1.30	1.99
121.193913	31.285770	84.597566	1.30	1.96
121.193916	31.285770	84.578550	1.30	1.94
121.193920	31.285770	84.568797	1.31	1.93
121.193924	31.285771	84.557158	1.31	1.93
121.193927	31.285771	84.521696	1.30	1.93
121.193931	31.285772	84.490195	1.29	1.96
121.193935	31.285772	84.483720	1.29	1.97
121.193938	31.285772	84.480278	1.29	1.95
121.193942	31.285773	84.450553	1.28	1.96
121.193946	31.285773	84.435690	1.28	1.95
121.193949	31.285774	84.409298	1.28	1.94
121.193953	31.285774	84.390146	1.28	1.96
121.193957	31.285774	84.371022	1.27	1.96
121.193960	31.285775	84.349138	1.27	1.96
121.193964	31.285775	84.338756	1.27	1.97
121.193968	31.285776	84.331598	1.27	2.00
121.193971	31.285776	84.318921	1.27	1.94
121.193975	31.285776	84.302501	1.27	1.93
121.193979	31.285777	84.293731	1.27	1.93
121.193983	31.285777	84.290234	1.27	1.99
121.193986	31.285778	84.283186	1.26	1.95
121.193990	31.285778	84.274580	1.26	1.95
121.193994	31.285778	84.265482	1.26	1.94
121.193997	31.285779	84.264334	1.26	1.94
121.194001	31.285779	84.243598	1.27	1.93
121.194005	31.285780	84.232697	1.27	1.93
121.194008	31.285780	84.226632	1.27	1.94
121.194012	31.285781	84.210868	1.27	1.94
121.194016	31.285781	84.213272	1.28	1.94
121.194020	31.285781	84.207562	1.27	1.93
121.194023	31.285782	84.184858	1.26	1.93
121.194027	31.285782	84.166253	1.25	1.93
121.194031	31.285783	84.162510	1.25	1.93
121.194034	31.285783	84.159641	1.25	1.93
121.194038	31.285784	84.160515	1.25	1.93
121.194042	31.285784	84.193218	1.24	1.93
121.194046	31.285784	84.303184	1.24	1.92
121.194049	31.285785	84.378398	1.26	1.92
121.194053	31.285785	84.447629	1.25	1.91
121.194057	31.285786	84.573277	1.25	1.91
121.194060	31.285786	84.725837	1.25	1.91
121.194064	31.285787	84.889023	1.25	1.91
121.194067	31.285787	85.035080	1.24	1.91
121.194071	31.285787	85.201873	1.25	1.90
121.194075	31.285788	85.384759	1.26	1.89
121.194078	31.285788	85.607286	1.27	1.88
121.194082	31.285788	85.874101	1.29	1.86
121.194085	31.285789	86.190721	1.31	1.85
121.194089	31.285789	86.561136	1.34	1.82
121.194092	31.285789	86.978952	1.36	1.70
121.194096	31.285790	87.491052	1.41	1.70
121.194100	31.285790	87.986432	1.44	1.70
121.194103	31.285790	88.569293	1.47	1.70
121.194107	31.285790	89.257612	1.49	1.70
121.194110	31.285790	90.000027	1.54	1.70
121.194114	31.285791	90.817190	1.59	1.70
121.194117	31.285791	91.718065	1.64	1.70
121.194121	31.285791	92.682051	1.71	1.70
121.194124	31.285791	93.662210	1.77	1.70
121.194128	31.285791	94.659336	1.85	1.70
121.194131	31.285790	95.734189	1.95	1.70
121.194135	31.285790	96.882289	2.04	1.70
121.194138	31.285790	98.117980	2.13	1.70
121.194142	31.285790	99.430360	2.25	1.70
121.194145	31.285789	100.966442	2.35	1.70
121.194149	31.285789	102.445588	2.48	1.70
121.194152	31.285788	104.025711	1.70	1.70
121.194156	31.285788	105.633182	1.70	1.70
121.194159	31.285787	107.226829	1.70	1.70
121.194162	31.285786	108.854545	1.70	1.70
121.194166	31.285785	110.569442	1.70	1.70
121.194169	31.285784	112.356848	1.70	1.70
121.194172	31.285783	114.199250	1.70	1.70
121.194175	31.285782	116.073973	1.70	1.70
121.194178	31.285781	117.939571	1.70	1.70
121.194181	31.285779	119.805579	1.70	1.70
121.194185	31.285778	121.648856	1.70	1.70
121.194188	31.285777	123.475549	1.70	1.70
121.194191	31.285775	125.306777	1.70	1.70
121.194194	31.285773	127.309607	1.70	1.70
121.194197	31.285771	129.153348	1.70	1.70
121.194199	31.285769	130.998100	1.70	1.70
121.194202	31.285767	132.856021	1.70	1.70
121.194205	31.285765	134.744432	1.70	1.70
121.194207	31.285763	136.661844	1.70	1.70
121.194210	31.285761	138.570021	1.70	1.70
121.194212	31.285759	140.500997	1.70	1.70
121.194215	31.285757	142.432438	1.70	1.70
121.194217	31.285754	144.353620	1.70	1.70
121.194219	31.285752	146.254926	1.70	1.70
121.194221	31.285749	148.142654	1.70	1.70
121.194223	31.285746	149.989360	1.70	1.70
121.194225	31.285744	151.809127	1.70	1.70
121.194227	31.285741	153.585126	1.70	1.70
121.194229	31.285738	155.270243	1.70	1.70
121.194231	31.285735	156.904557	1.70	1.70
121.194232	31.285732	158.460420	1.70	1.70
121.194234	31.285729	159.962597	1.70	1.70
121.194235	31.285726	161.151883	1.70	1.70
121.194236	31.285723	162.207161	1.70	1.70
121.194238	31.285720	163.166352	1.70	1.70
121.194239	31.285717	164.054153	1.70	1.70
121.194240	31.285714	164.878011	1.70	1.70
121.194241	31.285711	165.602516	1.70	1.70
121.194242	31.285707	166.267367	1.70	1.70
121.194243	31.285704	166.892643	1.70	1.70
121.194244	31.285701	167.498604	1.70	1.70
121.194244	31.285698	168.103650	1.70	1.70
121.194245	31.285695	168.712698	1.70	1.70
121.194246	31.285691	169.338316	1.70	1.70
121.194247	31.285688	169.958538	1.70	1.70
121.194247	31.285685	170.547532	1.70	1.70
121.194248	31.285682	171.086694	1.70	1.70
121.194249	31.285678	171.653463	1.70	1.70
121.194249	31.285675	172.120702	1.70	1.70
121.194250	31.285672	172.507564	1.70	1.70
121.194250	31.285669	172.887214	1.70	1.70
121.194251	31.285666	173.251153	1.70	1.70
121.194251	31.285662	173.534429	2.56	1.70
121.194252	31.285659	173.737080	2.56	1.70
121.194252	31.285656	173.889257	2.56	1.70
121.194253	31.285653	174.057129	2.56	1.70
121.194253	31.285650	174.226723	0.98	1.70
121.194253	31.285647	174.375471	0.98	1.88
121.194254	31.285644	174.495668	0.98	1.76
121.194254	31.285640	174.575377	0.98	1.74
121.194255	31.285637	174.613762	0.98	1.82
121.194255	31.285634	174.660344	1.52	1.85
121.194255	31.285631	174.706175	1.59	1.81
121.194256	31.285628	174.740845	1.59	1.82
121.194256	31.285624	174.760666	1.60	1.82
121.194257	31.285621	174.771376	1.59	1.83
121.194257	31.285618	174.787714	1.61	1.82
121.194257	31.285615	174.807644	1.57	1.83
121.194258	31.285612	174.834979	1.56	1.83
121.194258	31.285608	174.845811	1.51	1.85
121.194259	31.285605	174.859963	1.50	1.85
121.194259	31.285602	174.866889	1.47	1.85
121.194260	31.285599	174.882189	1.44	1.86
121.194260	31.285596	174.898171	1.46	1.83
121.194260	31.285593	174.919154	1.43	1.84
121.194261	31.285590	174.942868	1.44	1.81
121.194261	31.285586	174.956734	1.42	1.83
121.194262	31.285583	174.953523	1.43	1.82
121.194262	31.285580	174.961610	1.40	1.83
121.194263	31.285577	174.976049	1.42	1.79
121.194263	31.285574	174.995406	1.42	1.77
121.194264	31.285571	175.006348	1.35	1.83
121.194264	31.285568	175.018615	1.32	1.86
121.194265	31.285565	175.035062	1.39	1.76
121.194265	31.285561	175.061932	1.33	1.81
121.194266	31.285558	175.066918	1.37	1.75
121.194266	31.285555	175.067601	1.31	1.79
121.194267	31.285552	175.088228	1.32	1.78
121.194267	31.285549	175.086111	1.33	1.77
121.194268	31.285546	175.070702	1.31	1.79
121.194268	31.285543	175.079294	1.30	1.80
121.194269	31.285539	175.092244	1.29	1.81
121.194269	31.285536	175.102558	1.28	1.82
121.194270	31.285533	175.093269	1.31	1.79
121.194270	31.285530	175.120317	1.30	1.78
121.194271	31.285527	175.144441	1.26	1.79
121.194271	31.285524	175.132925	1.28	1.76
121.194271	31.285521	175.147241	1.29	1.75
121.194272	31.285518	175.174398	1.29	1.74
121.194272	31.285514	175.187744	1.30	1.74
121.194273	31.285511	175.182020	1.31	1.73
121.194273	31.285508	175.190449	1.32	1.73
121.194274	31.285505	175.214450	1.32	1.73
121.194274	31.285502	175.231758	1.33	1.72
121.194275	31.285499	175.243847	1.35	1.71
121.194275	31.285496	175.262344	1.35	1.70
121.194276	31.285492	175.304117	1.36	1.72
121.194276	31.285489	175.327954	1.37	1.71
121.194277	31.285486	175.349319	1.38	1.70
121.194277	31.285483	175.374427	1.38	1.71
121.194277	31.285480	175.386803	1.40	1.70
121.194278	31.285477	175.399453	1.41	1.69
121.194278	31.285473	175.425640	1.42	1.68
121.194279	31.285470	175.439628	1.44	1.67
121.194279	31.285467	175.455269	1.44	1.66
121.194280	31.285464	175.495827	1.45	1.66
121.194280	31.285461	175.529459	1.46	1.64
121.194281	31.285458	175.548433	1.48	1.63
121.194281	31.285455	175.563787	1.48	1.62
121.194282	31.285451	175.571341	1.49	1.62
121.194282	31.285448	175.600848	1.52	1.64
121.194282	31.285445	175.611394	1.53	1.64
121.194283	31.285442	175.616557	1.53	1.63
121.194283	31.285439	175.640668	1.53	1.63
121.194284	31.285436	175.673166	1.55	1.62
121.194284	31.285432	175.686334	1.56	1.62
121.194284	31.285429	175.690801	1.56	1.62
121.194285	31.285426	175.736646	1.57	1.61
121.194285	31.285423	175.774977	1.58	1.72
121.194286	31.285419	175.770960	1.59	1.72
121.194286	31.285416	175.720540	1.58	1.74
121.194286	31.285413	175.672879	1.58	1.75
121.194287	31.285410	175.658781	1.57	1.75
121.194287	31.285407	175.638100	1.57	1.75
121.194288	31.285404	175.607213	1.56	1.75
121.194288	31.285401	175.572147	1.56	1.75
121.194288	31.285398	175.546138	1.56	1.74
121.194289	31.285395	175.522123	1.56	1.74
121.194289	31.285391	175.482016	1.56	1.73
121.194289	31.285388	175.444436	1.56	1.73
121.194290	31.285385	175.409835	1.56	1.74
121.194290	31.285382	175.367487	1.56	1.73
121.194290	31.285379	175.331451	1.56	1.73
121.194291	31.285376	175.275580	1.57	1.72
121.194291	31.285373	175.203454	1.57	1.72
121.194292	31.285370	175.165177	1.57	1.71
121.194292	31.285367	175.115098	1.57	1.71
121.194292	31.285363	175.039188	1.56	1.70
121.194293	31.285360	174.994600	1.56	1.70
121.194293	31.285357	174.941611	1.56	1.70
121.194294	31.285354	174.881328	1.56	1.69
121.194294	31.285351	174.821865	1.55	1.69
121.194295	31.285348	174.770010	1.55	1.68
121.194295	31.285345	174.722171	1.54	1.68
121.194296	31.285342	174.676723	1.53	1.67
121.194296	31.285338	174.639198	1.53	1.67
121.194296	31.285335	174.607629	1.53	1.66
121.194297	31.285332	174.584707	1.55	1.66
121.194297	31.285329	174.557728	1.55	1.65
121.194298	31.285326	174.530625	1.55	1.65
121.194298	31.285323	174.511036	1.55	1.64
121.194299	31.285320	174.484221	1.55	1.63
121.194299	31.285317	174.454592	1.55	1.62
121.194300	31.285314	174.428241	1.56	1.62
121.194300	31.285310	174.404513	1.57	1.62
121.194301	31.285307	174.375758	1.57	1.62
121.194301	31.285304	174.349625	1.58	1.62
121.194302	31.285301	174.353587	1.58	1.32
121.194302	31.285298	174.331293	1.59	1.31
121.194303	31.285294	174.310844	1.60	1.31
121.194303	31.285291	174.301896	1.60	1.31
121.194304	31.285288	174.299492	1.61	1.31
121.194304	31.285285	174.279042	1.62	1.31
121.194305	31.285281	174.247582	1.62	1.32
121.194305	31.285278	174.269125	1.62	1.32
121.194306	31.285275	174.279848	1.62	1.33
121.194306	31.285271	174.260532	1.63	1.33
121.194307	31.285268	174.257445	1.63	1.34
121.194307	31.285265	174.265983	1.63	1.34
121.194308	31.285261	174.266830	1.64	1.35
121.194308	31.285258	174.271310	1.65	1.35
121.194309	31.285255	174.303453	1.65	1.35
121.194309	31.285251	174.342522	1.66	1.34
121.194310	31.285248	174.382629	1.66	1.34
121.194310	31.285245	174.424170	1.67	1.35
121.194311	31.285241	174.466572	1.68	1.35
121.194311	31.285238	174.512744	1.68	1.35
121.194312	31.285235	174.585171	1.69	1.35
121.194312	31.285231	174.685958	1.70	1.35
121.194313	31.285228	174.826673	1.71	1.35
121.194313	31.285225	174.976213	1.73	1.34
121.194314	31.285222	175.134182	1.74	1.32
121.194314	31.285218	175.294213	1.83	1.70
121.194315	31.285215	175.457263	1.85	1.70
121.194315	31.285212	175.621707	1.87	1.70
121.194315	31.285208	175.833812	1.89	1.70
121.194316	31.285205	176.056408	1.92	1.70
121.194316	31.285202	176.285192	1.94	1.70
121.194317	31.285199	176.522978	1.97	1.70
121.194317	31.285195	176.761092	1.99	1.70
121.194317	31.285192	177.079078	2.03	1.70
121.194318	31.285189	177.427896	2.05	1.70
121.194318	31.285185	177.845876	2.10	1.70
121.194318	31.285182	178.390584	2.15	1.70
121.194318	31.285179	179.032526	2.20	1.70
121.194318	31.285176	179.792439	2.25	1.70
121.194319	31.285172	-179.274543	2.33	1.70
121.194319	31.285169	-178.410060	2.39	1.70
121.194319	31.285166	-177.537394	2.47	1.70
121.194318	31.285162	-176.613843	1.70	1.70
121.194318	31.285159	-175.555929	1.70	1.70
121.194318	31.285156	-174.373404	1.70	1.70
121.194318	31.285153	-173.084479	1.70	1.70
121.194318	31.285150	-171.683594	1.70	1.70
121.194317	31.285146	-170.186116	1.70	1.70
121.194317	31.285143	-168.613861	1.70	1.70
121.194316	31.285140	-166.953948	1.70	1.70
121.194315	31.285137	-165.169356	1.70	1.70
121.194315	31.285134	-163.227027	1.70	1.70
121.194314	31.285131	-161.172739	1.70	1.70
121.194313	31.285128	-159.000602	1.70	1.70
121.194312	31.285125	-156.730944	1.70	1.70
121.194310	31.285122	-154.448390	1.70	1.70
121.194309	31.285119	-152.181136	1.70	1.70
121.194307	31.285116	-149.945574	1.70	1.70
121.194305	31.285113	-147.716938	1.70	1.70
121.194304	31.285111	-145.504298	1.70	1.70
121.194302	31.285108	-143.320974	1.70	1.70
121.194300	31.285105	-141.142540	1.70	1.70
121.194297	31.285103	-138.967930	1.70	1.70
121.194295	31.285100	-136.790862	1.70	1.70
121.194293	31.285098	-134.642440	1.70	1.70
121.194290	31.285096	-132.491108	1.70	1.70
121.194287	31.285093	-130.356209	1.70	1.70
121.194285	31.285091	-128.256254	1.70	1.70
121.194282	31.285089	-126.206391	1.70	1.70
121.194279	31.285087	-124.171186	1.70	1.70
121.194276	31.285085	-122.202507	1.70	1.70
121.194272	31.285083	-120.212682	1.70	1.70
121.194269	31.285082	-118.466421	1.70	1.70
121.194266	31.285080	-116.767999	1.70	1.70
121.194262	31.285079	-115.101829	1.70	1.70
121.194259	31.285077	-113.464038	1.70	1.70
121.194256	31.285076	-111.844628	1.70	1.70
121.194252	31.285075	-110.270194	1.70	1.70
121.194249	31.285074	-108.775981	1.70	1.70
121.194245	31.285072	-107.379508	1.70	1.70
121.194241	31.285071	-106.083076	1.70	1.70
121.194238	31.285070	-104.890696	1.70	1.70
121.194234	31.285070	-103.814566	1.70	1.70
121.194231	31.285069	-102.830164	1.70	1.70
121.194227	31.285068	-101.917446	1.70	1.70
121.194223	31.285067	-101.058584	1.70	1.70
121.194220	31.285067	-100.267901	1.70	1.70
121.194216	31.285066	-99.531306	1.70	1.70
121.194212	31.285066	-98.860083	2.52	1.70
121.194209	31.285065	-98.280937	2.52	1.32
121.194205	31.285065	-97.758462	2.52	1.32
121.194201	31.285064	-97.305826	2.52	1.32
121.194198	31.285064	-96.957124	1.34	1.32
121.194194	31.285063	-96.682789	1.41	2.32
121.194190	31.285063	-96.447421	1.46	2.26
121.194186	31.285063	-96.249803	1.49	2.17
121.194183	31.285062	-96.071385	1.50	2.12
121.194179	31.285062	-95.899558	1.55	2.06
121.194175	31.285062	-95.783650	1.58	2.05
121.194172	31.285061	-95.723660	1.58	1.97
121.194168	31.285061	-95.686934	1.58	1.96
121.194164	31.285061	-95.677194	1.59	1.94
121.194160	31.285060	-95.669285	1.60	1.94
121.194157	31.285060	-95.660693	1.59	1.94
121.194153	31.285060	-95.650434	1.59	1.94
121.194150	31.285059	-95.632614	1.60	1.93
121.194146	31.285059	-95.623277	1.60	1.92
121.194143	31.285058	-95.617949	1.61	1.92
121.194139	31.285058	-95.623564	1.62	1.92
121.194136	31.285058	-95.624479	1.61	1.92
121.194132	31.285057	-95.618523	1.61	2.03
121.194129	31.285057	-95.619151	1.61	2.03
121.194125	31.285057	-95.633133	1.61	2.04
121.194122	31.285056	-95.638863	1.62	2.05
121.194119	31.285056	-95.629349	1.62	2.06
